資料集識別碼,資料集名稱,提供機關,服務分類,資料集描述,主要欄位說明,更新頻率,授權方式,相關網址,上架日期,詮釋資料更新時間,備註
95297,政府服務獎入圍機關名單,國家發展委員會,公共資訊,國發會依據政府服務躍升方案辦理政府服務獎，鼓勵各機關精進政府服務。,屆別;參奬類別;入圍機關,每季,政府資料開放授權條款-第1版,https://www.ndc.gov.tw/Content_List.aspx?n=02BEEFEAF49A5225,2018/11/26 00:00,2018/11/26 14:59,
95299,政府服務獎得獎機關名單,國家發展委員會,公共資訊,國發會依據政府服務躍升方案辦理政府服務獎，鼓勵各機關精進政府服務。,屆別;參奬類別;得獎機關,每季,政府資料開放授權條款-第1版,https://www.ndc.gov.tw/Content_List.aspx?n=02BEEFEAF49A5225,2018/11/26 00:00,2018/11/26 16:19,
95300,政府服務獎評獎紀實,國家發展委員會,公共資訊,為擴散政府服務獎得獎機關優質服務，彙整各得獎機關服務績效。,資料名稱;屆別;年度;檔案格式;全文下載連結,每季,政府資料開放授權條款-第1版,https://www.ndc.gov.tw,2018/11/26 00:00,2018/11/26 16:19,
95301,智慧城市示範應用徵案-自駕車,國家發展委員會,公共資訊,介紹智慧城市示範應用徵案在自駕車領域廠商提案數量、審查結果及徵案需求說明等,徵案時間;提案家數;通過家數;徵案需求說明;補助總金額;計畫總金額;補助比例,每季,政府資料開放授權條款-第1版,http://www.ndc.gov.tw,2018/11/26 00:00,2018/11/26 16:18,
95302,行動支付推動措施與重點推動工作,國家發展委員會,公共資訊,行動支付在數位經濟時代已是未來發展趨勢，不僅能帶動產業新商機，亦能提升民眾生活的便利性。國發會已啟動跨部會推動機制，以完備行動支付基礎環境、擴大行動支付應用場域、加強行動支付體驗行銷等三大策略，期推動我國成為行動生活的國際標竿，並滿足年輕族群對於行動支付的需求。,推動主軸;重要策略;目標,每季,政府資料開放授權條款-第1版,http://www.ndc.gov.tw,2018/11/26 00:00,2018/11/26 16:19,
95303,行動支付推動成果,國家發展委員會,公共資訊,行動支付是未來數位經濟發展的趨勢，尤其年輕族群對於行動支付有強烈的需求，亦有利國內產業、社會之數位轉型。賴院長已將行動支付列為重要施政項目，並宣示2025年普及率達成90%之目標，陳美伶政委兼國發會主委自106年9月起召集13個機關積極推動，並已有具體成果。,推動項目;推動成效,每季,政府資料開放授權條款-第1版,http://www.ndc.gov.tw,2018/11/26 00:00,2018/11/26 16:14,
95304,全國資訊主管聯席會會議紀錄,國家發展委員會,公共資訊,為配合政府資訊發展政策，推動跨域整合與治理，促進政府機關(構)資訊技術與經驗之相互交流，定期召開會議並作成紀錄，以達施政公開透明之目的。,年度;會議名稱;時間;地點;主持人;會議結論;網頁連結,每季,政府資料開放授權條款-第1版,https://www.ndc.gov.tw/News.aspx?n=D87A1BC0A229D833&sms=3969119033045E4B,2018/11/26 00:00,2018/11/26 16:14,
95306,資訊主管聯席會地方分組會議,國家發展委員會,公共資訊,為配合數位政府業務推動，加強與地方政府之聯繫，本會每年辦理2次地方政府資訊主管座談會，藉以瞭解地方政府資訊業務執行成效，建立有效溝通管道及協同作業機制，俾利資訊業務能有效推動。,年度;會議名稱;時間;地點;主持人;會議結論;網頁連結,每季,政府資料開放授權條款-第1版,https://www.ndc.gov.tw/News.aspx?n=5C2AF2A5A7FF6F1C&sms=4DFC5519F007E9FD,2018/11/26 00:00,2018/11/26 16:18,
95307,「辦理示範性基層機關行動服務」補助資訊情形表,國家發展委員會,公共資訊,協助地方政府推動資訊服務，以整合中央與地方各政府部門的資訊及服務流程為目標，提供跨域優質服務、建構綠能共享環境、促進公平參與機會，並加入社會關懷弱勢族群的思維，整合地方與中央政府資源，提升政府服務效能，建構公平的資訊社會。,項次;年度;補助事項;補助對象;核准日期;補助金額(千元),每季,政府資料開放授權條款-第1版,https://www.ndc.gov.tw/News_Content.aspx?n=9D32B61B1E56E558&sms=9D3CAFD318C60877&s=46140458DFD3C650,2018/11/26 00:00,2018/11/26 16:14,
95308,文書及檔案管理專業分級培訓課程總表,國家發展委員會檔案管理局,公共資訊,為建構文書及檔案管理從業人員專業知能，訂定文書及檔案管理專業分級培訓課程，藉以提高培訓效益。,編號;課程名稱;關鍵能力;能力向度;培訓級別;課程內容大要;時數;修課順序建議;先修課程編號;授課對象一般公務人員;授課對象檔案管理人員;授課對象文書管理人員;授課對象系統管理人員;授課對象督導人員,每季,政府資料開放授權條款-第1版,https://www.archives.gov.tw/Publish.aspx?cnid=100572&p=3095,2018/11/26 00:00,2018/11/26 16:15,
95309,國家發展委員會檔案管理局中程個案計畫,國家發展委員會檔案管理局,公共資訊,提供國家發展委員會檔案管理局個案計畫相關資訊。,計畫編號;計畫名稱;計畫期程;分年計畫經費;分年計畫目標;總累計預定進度;分年執行績效;計畫核定情形;公告網址,每季,政府資料開放授權條款-第1版,https://www.archives.gov.tw/Publish.aspx?cnid=1436&p=2993,2018/11/26 00:00,2018/11/26 16:14,
95310,機關檔案保存年限區分表編製指引,國家發展委員會檔案管理局,公共資訊,提供機關編製檔案保存年限區分表時使用，使機關檔案分類管理、保存年限區分有所依據，俾利文件保存、銷毀、移轉等管理作業執行。,目次;內容;製作者;資料下載網址;頁碼,每季,政府資料開放授權條款-第1版,https://www.archives.gov.tw/Publish.aspx?cnid=1652&p=2458,2018/11/26 00:00,2018/11/26 16:14,
95311,政治檔案徵集成果,國家發展委員會檔案管理局,公共資訊,提供各界瞭解本局各次專案徵集政治檔案情形。,專案徵集;徵集年度;徵集計畫/徵集主題;機關數;檔案數量,每季,政府資料開放授權條款-第1版,https://www.archives.gov.tw/,2018/11/26 00:00,2018/11/26 16:18,
95312,歷年私人文書返還統計,國家發展委員會檔案管理局,公共資訊,為符合民主與人權之普世價值，並回應社會對於轉型正義之期待，本局特訂頒「國家檔案內含政治受難者私人文書申請返還作業要點」，據以受理政治受難者或其家屬申請返還國家檔案內含之私人文書。,統計年份(民國);已聯繫之政治受難者(人數);返還原件(件數);返還複製品(件數),每季,政府資料開放授權條款-第1版,https://www.archives.gov.tw/Publish.aspx?cnid=1462,2018/11/26 00:00,2018/11/26 16:19,
95313,歷年國家檔案移轉長度統計,國家發展委員會檔案管理局,公共資訊,本局自籌備時期迄今，分階段徵集具有永久保存價值並經審選之國家檔案，以豐富典藏。,移轉年別(民國);紙質類(單位:公尺);攝影類(單位:公尺);錄影音類(單位:公尺);電子媒體類(單位:公尺);其他(印信、銜牌)(單位:公尺);總計(單位:公尺),每季,政府資料開放授權條款-第1版,https://www.archives.gov.tw/Publish.aspx?cnid=1466,2018/11/26 00:00,2018/11/26 16:19,
95314,政治檔案分類編碼架構,國家發展委員會檔案管理局,公共資訊,提供檔案局典藏政治檔案內容之分類架構。,編碼;類目名稱;總計_頁,每季,政府資料開放授權條款-第1版,https://www.archives.gov.tw/Download/DownloadList.aspx?cnid=1408,2018/11/26 00:00,2018/11/26 16:14,
95315,國家檔案案名清單,國家發展委員會檔案管理局,公共資訊,公布於國家檔案資訊網之國家檔案案卷層級案名清單。,全宗名;檔號;案名,每季,政府資料開放授權條款-第1版,https://aa.archives.gov.tw,2018/11/26 00:00,2018/11/26 16:14,
95316,國家發展委員會檔案管理局身心障礙人員進用統計表,國家發展委員會檔案管理局,公共資訊,本局身心障礙人員進用情形,年度;月份;依法應進用人數;已進用人數;超額進用人數;進用比率,每季,政府資料開放授權條款-第1版,https://www.archives.gov.tw/,2018/11/26 00:00,2018/11/26 16:14,
95317,都市及區域發展統計彙編-托育設施,國家發展委員會,公共資訊,都市及區域發展統計彙編係收錄不同機關發布之都市及區域發展經常性統計資料，本項係教育部發布之統計資料,年;地區;幼兒園數量;公立幼兒園數;教師數;公立教師數;教保員數量;公立教保員數;助理教保員數量;公立助理教保員數;幼生數量;公立幼兒園幼生數,每季,政府資料開放授權條款-第1版,https://ngis.nat.gov.tw/statistic/index.aspx?topic=4,2018/11/26 00:00,2018/11/26 16:15,
95318,都市及區域發展統計彙編-國家重要濕地,國家發展委員會,公共資訊,都市及區域發展統計彙編係收錄不同機關發布之都市及區域發展經常性統計資料，本項係農委會發布之統計資料,年;重要濕地名稱;位置;等級;面積公頃,每季,政府資料開放授權條款-第1版,https://ngis.nat.gov.tw/statistic/index.aspx?topic=4,2018/11/26 00:00,2018/11/26 16:17,
95319,都市及區域發展統計彙編-每萬人享有公園綠地面積,國家發展委員會,公共資訊,都市及區域發展統計彙編係收錄不同機關發布之都市及區域發展經常性統計資料，本項係內政部發布之統計資料,年;地區;都市計畫區計畫人口;都市計畫區現況人口;都市計畫區面積;都市計畫公共設施用地已闢建面積-公園;都市計畫公共設施用地已闢建面積-綠地;都市計畫公共設施用地已闢建面積-廣場;都市計畫公共設施用地已闢建面積-兒童遊樂場;都市計畫公共設施用地已闢建面積-體育場;每萬人公園、綠地、兒童遊樂場、體育場所及廣場面積數,每季,政府資料開放授權條款-第1版,https://ngis.nat.gov.tw/statistic/index.aspx?topic=4,2018/11/26 00:00,2018/11/26 16:17,
95320,都市及區域發展統計彙編-數位設備普及率,國家發展委員會,公共資訊,都市及區域發展統計彙編係收錄不同機關發布之都市及區域發展經常性統計資料，本項係行政院主計總處發布之統計資料,年;地區;行動電話;家用電腦;連網,每季,政府資料開放授權條款-第1版,https://ngis.nat.gov.tw/statistic/index.aspx?topic=4,2018/11/26 00:00,2018/11/26 16:18,
95321,都市及區域發展統計彙編-文化資產統計,國家發展委員會,公共資訊,都市及區域發展統計彙編係收錄不同機關發布之都市及區域發展經常性統計資料，本項係文化部發布之統計資料,年;地區;國定古蹟;省市定古蹟;縣市定古蹟;重要聚落;聚落;國定遺址;直轄市定遺址;縣市定遺址;國寶古物;重要古物;一般古物;重要傳統藝術;傳統藝術登錄;重要民俗及有關文物;民俗及有關文物登錄;歷史建築;文化景觀,每季,政府資料開放授權條款-第1版,https://ngis.nat.gov.tw/statistic/index.aspx?topic=4,2018/11/26 00:00,2018/11/26 16:15,
95322,國營事業淨利及繳庫盈餘,國家發展委員會,公共資訊,提供103年至105年之國營事業淨利及繳庫盈餘,主管機關;事業名稱;年度;淨利(損)(億元);淨利(損)預算數(億元);繳庫盈餘(億元);占所有事業繳庫百分比(%);繳庫盈餘預算數(億元);繳庫盈餘達成率(%),每季,政府資料開放授權條款-第1版,https://www.ndc.gov.tw/Content_List.aspx?n=002ABF0E676F4DB5,2018/11/26 00:00,2018/11/26 16:15,
95323,國營事業經營績效（依行業別）,國家發展委員會,公共資訊,提供103年至105年之國營事業經營績效（依行業別），包含營業利益率、淨利率及權益報酬率,行業別;年度;營業利益率（%）;淨利率（%）;權益報酬率（%）,每季,政府資料開放授權條款-第1版,https://www.ndc.gov.tw/Content_List.aspx?n=002ABF0E676F4DB5,2018/11/26 00:00,2018/11/26 16:16,
95324,國營事業經營績效（依組織性質）,國家發展委員會,公共資訊,提供103年至105年之國營事業經營績效（依組織性質），包含營業利益率、淨利率及權益報酬率,組織性質;事業名稱;年度;營業利益率（%）;淨利率（%）;權益報酬率（%）,每季,政府資料開放授權條款-第1版,https://www.ndc.gov.tw/Content_List.aspx?n=002ABF0E676F4DB5,2018/11/26 00:00,2018/11/26 16:16,
95325,創立基金餘額未達目標金額之政府捐助成立之財團法人及其主管機關策進作為,國家發展委員會,公共資訊,提供103年至105年間，創立基金餘額未達目標金額之政府捐助成立之財團法人及其主管機關策進作為,年度;主管機關;財團法人名稱;截至該年底創立基金餘額占創立基金目標金額之比率(%);創立基金目標相關規定;主管機關之策進作為,每季,政府資料開放授權條款-第1版,https://www.ndc.gov.tw/Content_List.aspx?n=1777F7D5CC787633,2018/11/26 00:00,2018/11/26 16:16,
95326,政府捐助成立之財團法人財務管理年度目標達成結果統計及缺失情形,國家發展委員會,公共資訊,提供103年至105年間，政府捐助成立之財團法人財務管理年度目標達成結果統計及缺失情形,年度;年度目標;達成結果「良好」家數;達成結果「待改進」家數;達成結果「不適用」家數;缺失情形,每季,政府資料開放授權條款-第1版,https://www.ndc.gov.tw/Content_List.aspx?n=1777F7D5CC787633,2018/11/26 00:00,2018/11/26 16:12,
95327,財務管理待強化之政府捐助成立之財團法人及策進作為,國家發展委員會,公共資訊,提供103年至105年間，財務管理待強化之政府捐助成立之財團法人及策進作為,年度;主管機關;財團法人名稱;待改進項目;策進作為,每季,政府資料開放授權條款-第1版,https://www.ndc.gov.tw/Content_List.aspx?n=1777F7D5CC787633,2018/11/26 00:00,2018/11/26 16:15,
95328,政府捐助成立之財團法人年度目標達成情形及綜合評估結果,國家發展委員會,公共資訊,提供103年至105年間，政府捐助成立之財團法人年度目標達成情形及綜合評估結果,年度;主管機關;財團法人名稱;年度目標達成情形為90%以上之項數;年度目標達成情形為80%以上未達90%之項數;年度目標達成情形為未達80%之項數;綜合評估,每季,政府資料開放授權條款-第1版,https://www.ndc.gov.tw/Content_List.aspx?n=1777F7D5CC787633,2018/11/26 00:00,2018/11/26 16:16,
95329,政府捐助成立之財團法人年度目標待改進項目及策進作為,國家發展委員會,公共資訊,提供103年至105年間，政府捐助成立之財團法人年度目標待改進項目及策進作為,年度;主管機關;財團法人名稱;待改進項目(年度目標未達80%者);策進作為,每季,政府資料開放授權條款-第1版,https://www.ndc.gov.tw/Content_List.aspx?n=1777F7D5CC787633,2018/11/26 00:00,2018/11/26 16:17,
95330,董監事任期未符合注意事項之政府捐助成立之財團法人及其檢討情形,國家發展委員會,公共資訊,提供103年至105年間，董監事任期未符合注意事項之政府捐助成立之財團法人及其檢討情形,檢討年度;主管機關;財團法人名稱;前年度未符合董監事任期及退場注意事項者;當年度檢討情形,每季,政府資料開放授權條款-第1版,https://www.ndc.gov.tw/Content_List.aspx?n=1777F7D5CC787633,2018/11/26 00:00,2018/11/26 16:17,
95331,歷年退場之政府捐助成立之財團法人,國家發展委員會,公共資訊,提供已退場之政府捐助成立之財團法人之清單,退場年度;主管機關;財團法人名稱;退場機制;退場理由,每季,政府資料開放授權條款-第1版,https://www.ndc.gov.tw/Content_List.aspx?n=1777F7D5CC787633,2018/11/26 00:00,2018/11/26 16:18,
95333,資訊主管聯席會中央部會分組會議紀錄,國家發展委員會,公共資訊,以跨部會資訊業務聯繫與協調、研擬資訊政策建議議題為主，定期召開會議並作成紀錄，以達施政公開透明之目的。,年度;會議名稱;時間;地點;主持人;會議結論;網頁連結,每季,政府資料開放授權條款-第1版,https://www.ndc.gov.tw/News.aspx?n=A6476B49BA86BBD5&sms=EB94E48F39DD9A4E,2018/11/26 00:00,2018/11/26 16:19,
95334,國家發展委員會辦理人民申請提供政府資訊案件統計,國家發展委員會,公共資訊,人民向國家發展委員會請求提供政府資訊(含檔案)，而依檔案法或政府資訊公開法受理案件之年度統計表,年度;全部核准案件數(檔案應用);全部核准案件數(其他政府資訊);部分核准案件數(檔案應用);部分核准案件數(其他政府資訊);全部駁回核准案件數(檔案應用);全部駁回案件數(其他政府資訊);檔案連結,每季,政府資料開放授權條款-第1版,https://www.ndc.gov.tw/Content_List.aspx?n=0EEE11D049B78706,2018/11/26 00:00,2018/11/26 16:20,
95460,高速公路規劃設計新建工程計畫,交通部高速公路局,公共資訊,介紹本局高速公路規劃設計新建工程計畫,序號;高速公路規劃設計新建工程計畫名稱;作業階段;計畫簡介網址連結,每日,政府資料開放授權條款-第1版,,2018/11/27 00:00,2018/11/27 14:14,
95461,鐵路商品購買管道,交通部臺灣鐵路管理局,交通及通訊,地區、服務單位、位置、電話、服務時間、備註,鐵路商品購買管道,每日,政府資料開放授權條款-第1版,,2018/11/27 00:00,2018/11/27 16:55,
95089,國軍退除役官兵輔導委員會單位會計月報(107年8月起),國軍退除役官兵輔導委員會,公共資訊,提供國軍退除役官兵輔導委員會107年8月以後單位會計月報資訊,,每月,政府資料開放授權條款-第1版,,2018/11/21 00:00,2018/11/23 08:41,
95141,經濟部統計處_製造業銷售量指數_按四大行業統計,經濟部,公共資訊,經濟部統計處_製造業銷售量指數_按四大行業統計,統計項目;行業代碼;行業別;資料期;統計值;計量單位,每年,政府資料開放授權條款-第1版,,2018/11/22 00:00,2018/11/23 09:54,
95472,臺灣廠商參加日本重要展覽資訊,經濟部國際貿易局,公共資訊,為協助廠商選擇其產業適銷市場及規劃拓銷策略，貿易局以各重要展覽官方網站資料為基礎，篩選臺商前往日本參加重要展覽之參展資訊。本資料集提供展覽名稱、展出國家、展出城市、開始日期、結束日期、展覽產業別、展出頻率、展覽類型、主辦單位、展覽官網及臺灣參展廠商家數等資料。,展覽名稱;展出國家;展出城市;開始日期;結束日期;展覽產業別;展出頻率;展覽類型;主辦單位;展覽官網;臺灣參展廠商家數,每季,政府資料開放授權條款-第1版,,2018/11/27 00:00,2018/11/27 19:56,註:每項資料間，以逗號區隔
95474,臺灣廠商參加印尼重要展覽資訊,經濟部國際貿易局,公共資訊,為協助廠商選擇其產業適銷市場及規劃拓銷策略，貿易局以各重要展覽官方網站資料為基礎，篩選臺商前往印尼參加重要展覽之參展資訊。本資料集提供展覽名稱、展出國家、展出城市、開始日期、結束日期、展覽產業別、展出頻率、展覽類型、主辦單位、展覽官網及臺灣參展廠商家數等資料。,展覽名稱;展出國家;展出城市;開始日期;結束日期;展覽產業別;展出頻率;展覽類型;主辦單位;展覽官網;臺灣參展廠商家數,每季,政府資料開放授權條款-第1版,,2018/11/27 00:00,2018/11/27 20:12,註:每項資料間，以逗號區隔
95485,臺灣廠商參加印度重要展覽資訊,經濟部國際貿易局,公共資訊,為協助廠商選擇其產業適銷市場及規劃拓銷策略，貿易局以各重要展覽官方網站資料為基礎，篩選臺商前往印度參加重要展覽之參展資訊。本資料集提供展覽名稱、展出國家、展出城市、開始日期、結束日期、展覽產業別、展出頻率、展覽類型、主辦單位、展覽官網及臺灣參展廠商家數等資料。,展覽名稱;展出國家;展出城市;開始日期;結束日期;展覽產業別;展出頻率;展覽類型;主辦單位;展覽官網;臺灣參展廠商家數,每季,政府資料開放授權條款-第1版,,2018/11/27 00:00,2018/11/27 20:16,註:每項資料間，以逗號區隔
95492,臺灣廠商參加南韓重要展覽資訊,經濟部國際貿易局,公共資訊,為協助廠商選擇其產業適銷市場及規劃拓銷策略，貿易局以各重要展覽官方網站資料為基礎，篩選臺商前往南韓參加重要展覽之參展資訊。本資料集提供展覽名稱、展出國家、展出城市、開始日期、結束日期、展覽產業別、展出頻率、展覽類型、主辦單位、展覽官網及臺灣參展廠商家數等資料。,展覽名稱;展出國家;展出城市;開始日期;結束日期;展覽產業別;展出頻率;展覽類型;主辦單位;展覽官網;臺灣參展廠商家數,每季,政府資料開放授權條款-第1版,,2018/11/27 00:00,2018/11/27 20:35,註:每項資料間，以逗號區隔
95496,臺灣廠商參加美國重要展覽資訊,經濟部國際貿易局,公共資訊,為協助廠商選擇其產業適銷市場及規劃拓銷策略，貿易局以各重要展覽官方網站資料為基礎，篩選臺商前往美國參加重要展覽之參展資訊。本資料集提供展覽名稱、展出國家、展出城市、開始日期、結束日期、展覽產業別、展出頻率、展覽類型、主辦單位、展覽官網及臺灣參展廠商家數等資料。,展覽名稱;展出國家;展出城市;開始日期;結束日期;展覽產業別;展出頻率;展覽類型;主辦單位;展覽官網;臺灣參展廠商家數,每季,政府資料開放授權條款-第1版,,2018/11/27 00:00,2018/11/27 20:40,註:每項資料間，以逗號區隔
95498,臺灣廠商參加泰國重要展覽資訊,經濟部國際貿易局,公共資訊,為協助廠商選擇其產業適銷市場及規劃拓銷策略，貿易局以各重要展覽官方網站資料為基礎，篩選臺商前往泰國參加重要展覽之參展資訊。本資料集提供展覽名稱、展出國家、展出城市、開始日期、結束日期、展覽產業別、展出頻率、展覽類型、主辦單位、展覽官網及臺灣參展廠商家數等資料。,展覽名稱;展出國家;展出城市;開始日期;結束日期;展覽產業別;展出頻率;展覽類型;主辦單位;展覽官網;臺灣參展廠商家數,每季,政府資料開放授權條款-第1版,,2018/11/27 00:00,2018/11/27 20:48,註:每項資料間，以逗號區隔
95503,臺灣廠商參加馬來西亞重要展覽資訊,經濟部國際貿易局,公共資訊,為協助廠商選擇其產業適銷市場及規劃拓銷策略，貿易局以各重要展覽官方網站資料為基礎，篩選臺商前往馬來西亞參加重要展覽之參展資訊。本資料集提供展覽名稱、展出國家、展出城市、開始日期、結束日期、展覽產業別、展出頻率、展覽類型、主辦單位、展覽官網及臺灣參展廠商家數等資料。,展覽名稱;展出國家;展出城市;開始日期;結束日期;展覽產業別;展出頻率;展覽類型;主辦單位;展覽官網;臺灣參展廠商家數,每季,政府資料開放授權條款-第1版,,2018/11/27 00:00,2018/11/27 20:57,註:每項資料間，以逗號區隔
95332,嘉義市早期療育服務個案管理中心,嘉義市政府,出生及收養,嘉義市早期療育服務個案管理中心,"性質,資料彙整機關,辦理單位,成立日期,立案文號,負責人,連絡電話,傳真,電子郵件,地址,相關網址,X座標,Y座標,備註,最後更新日期",每年,政府資料開放授權條款-第1版,https://data.chiayi.gov.tw,2018/11/26 15:02,2018/11/26 15:03,福利服務行動躍升計畫資料
95371,107年度宜蘭縣兒童及少年安置教養機構,宜蘭縣政府,公共資訊,107年度宜蘭縣社福相關資料,性質;主管機關;辦理單位;成立日期;立案文號;負責人;連絡電話;傳真;電子郵件;地址;相關網站;X坐標;Y坐標;最後更新時間,每日,政府資料開放授權條款-第1版,,2018/11/26 00:00,2018/11/27 23:53,無
95372,107年度宜蘭縣早期療育服務通報轉介中心,宜蘭縣政府,公共資訊,107年度宜蘭縣社福相關資料,性質;主管機關;辦理單位;成立日期;立案文號;負責人;連絡電話;傳真;電子郵件;地址;相關網站;X坐標;Y坐標;最後更新時間,每日,政府資料開放授權條款-第1版,,2018/11/26 00:00,2018/11/27 23:53,無
95373,107年度宜蘭縣兒童及少年福利服務中心,宜蘭縣政府,公共資訊,107年度宜蘭縣社福相關資料,性質;主管機關;辦理單位;成立日期;立案文號;負責人;連絡電話;傳真;電子郵件;地址;相關網站;X坐標;Y坐標;最後更新時間,每日,政府資料開放授權條款-第1版,,2018/11/26 00:00,2018/11/27 20:38,無
95374,107年度宜蘭縣早期療育服務個案管理中心,宜蘭縣政府,公共資訊,107年度宜蘭縣社福相關資料,性質;主管機關;辦理單位;成立日期;立案文號;負責人;連絡電話;傳真;電子郵件;地址;相關網站;X坐標;Y坐標;最後更新時間,每日,政府資料開放授權條款-第1版,,2018/11/26 00:00,2018/11/27 23:53,無
95375,107年度宜蘭縣身心障礙住宿機構,宜蘭縣政府,公共資訊,107年度宜蘭縣社福相關資料,性質;主管機關;辦理單位;成立日期;立案文號;負責人;連絡電話;傳真;電子郵件;地址;相關網站;X坐標;Y坐標;最後更新時間,每日,政府資料開放授權條款-第1版,,2018/11/26 00:00,2018/11/27 01:18,無
95376,107年度宜蘭縣身心障礙福利服務中心,宜蘭縣政府,公共資訊,107年度宜蘭縣社福相關資料,性質;主管機關;辦理單位;成立日期;立案文號;負責人;連絡電話;傳真;電子郵件;地址;相關網站;X坐標;Y坐標;最後更新時間,每日,政府資料開放授權條款-第1版,,2018/11/26 00:00,2018/11/27 01:18,無
95377,107年度宜蘭縣身心障礙日間服務機構,宜蘭縣政府,公共資訊,107年度宜蘭縣社福相關資料,性質;主管機關;辦理單位;成立日期;立案文號;負責人;連絡電話;傳真;電子郵件;地址;相關網站;X坐標;Y坐標;最後更新時間,每日,政府資料開放授權條款-第1版,,2018/11/26 00:00,2018/11/27 01:19,無
95378,107年度宜蘭縣公私協力托育資源中心,宜蘭縣政府,公共資訊,107年度宜蘭縣社福相關資料,性質;主管機關;辦理單位;成立日期;立案文號;負責人;連絡電話;傳真;電子郵件;地址;相關網站;X坐標;Y坐標;最後更新時間,每日,政府資料開放授權條款-第1版,,2018/11/26 00:00,2018/11/27 23:54,無
95379,107年度宜蘭縣公私協力及私立托嬰中心,宜蘭縣政府,公共資訊,107年度宜蘭縣社福相關資料,性質;主管機關;辦理單位;成立日期;立案文號;負責人;連絡電話;傳真;電子郵件;地址;相關網站;X坐標;Y坐標;最後更新時間,每日,政府資料開放授權條款-第1版,,2018/11/26 00:00,2018/11/27 23:54,無
95380,107年度宜蘭縣老人福利機構,宜蘭縣政府,公共資訊,107年度宜蘭縣社福相關資料,性質;主管機關;辦理單位;成立日期;立案文號;負責人;連絡電話;傳真;電子郵件;地址;相關網站;X坐標;Y坐標;最後更新時間,每日,政府資料開放授權條款-第1版,,2018/11/26 00:00,2018/11/27 23:54,無
95381,107年度宜蘭縣婦女福利服務中心,宜蘭縣政府,公共資訊,107年度宜蘭縣社福相關資料,性質;主管機關;辦理單位;成立日期;立案文號;負責人;連絡電話;傳真;電子郵件;地址;相關網站;X坐標;Y坐標;最後更新時間,每日,政府資料開放授權條款-第1版,,2018/11/26 00:00,2018/11/27 23:54,無
95382,107年度宜蘭縣日間照顧中心,宜蘭縣政府,公共資訊,107年度宜蘭縣社福相關資料,性質;主管機關;辦理單位;成立日期;立案文號;負責人;連絡電話;傳真;電子郵件;地址;相關網站;X坐標;Y坐標;最後更新時間,每日,政府資料開放授權條款-第1版,,2018/11/26 00:00,2018/11/27 00:54,無
95383,107年度宜蘭縣輔具服務單位,宜蘭縣政府,公共資訊,107年度宜蘭縣社福相關資料,性質;主管機關;辦理單位;成立日期;立案文號;負責人;連絡電話;傳真;電子郵件;地址;相關網站;X坐標;Y坐標;最後更新時間,每日,政府資料開放授權條款-第1版,,2018/11/26 00:00,2018/11/27 00:54,無
95384,107年度宜蘭縣高風險家庭關懷輔導處遇服務提供單位,宜蘭縣政府,公共資訊,107年度宜蘭縣社福相關資料,性質;主管機關;辦理單位;成立日期;立案文號;負責人;連絡電話;傳真;電子郵件;地址;相關網站;X坐標;Y坐標;最後更新時間,每日,政府資料開放授權條款-第1版,,2018/11/26 00:00,2018/11/27 00:56,無
95385,107年度宜蘭縣社區照顧關懷據點,宜蘭縣政府,公共資訊,107年度宜蘭縣社福相關資料,性質;主管機關;辦理單位;成立日期;立案文號;負責人;連絡電話;傳真;電子郵件;地址;相關網站;X坐標;Y坐標;最後更新時間,每日,政府資料開放授權條款-第1版,,2018/11/26 00:00,2018/11/27 00:57,無
95386,107年度宜蘭縣家庭福利服務中心,宜蘭縣政府,公共資訊,107年度宜蘭縣社福相關資料,性質;主管機關;辦理單位;成立日期;立案文號;負責人;連絡電話;傳真;電子郵件;地址;相關網站;X坐標;Y坐標;最後更新時間,每日,政府資料開放授權條款-第1版,,2018/11/26 00:00,2018/11/27 00:58,無
95387,107年度宜蘭縣避難收容所位置及收容人數,宜蘭縣政府,公共資訊,107年度宜蘭縣社福相關資料,性質;主管機關;辦理單位;成立日期;立案文號;負責人;連絡電話;傳真;電子郵件;地址;相關網站;X坐標;Y坐標;最後更新時間,每日,政府資料開放授權條款-第1版,,2018/11/26 00:00,2018/11/27 01:00,無
95388,107年度宜蘭縣新住民家庭服務中心,宜蘭縣政府,公共資訊,107年度宜蘭縣社福相關資料,性質;主管機關;辦理單位;成立日期;立案文號;負責人;連絡電話;傳真;電子郵件;地址;相關網站;X坐標;Y坐標;最後更新時間,每日,政府資料開放授權條款-第1版,,2018/11/26 00:00,2018/11/27 01:01,無
95389,107年度宜蘭縣居家托育服務單位,宜蘭縣政府,公共資訊,107年度宜蘭縣社福相關資料,性質;主管機關;辦理單位;成立日期;立案文號;負責人;連絡電話;傳真;電子郵件;地址;相關網站;X坐標;Y坐標;最後更新時間,每日,政府資料開放授權條款-第1版,,2018/11/26 00:00,2018/11/27 01:04,無
95390,107年度宜蘭縣社區活動中心,宜蘭縣政府,公共資訊,107年度宜蘭縣社福相關資料,性質;主管機關;辦理單位;成立日期;立案文號;負責人;連絡電話;傳真;電子郵件;地址;相關網站;X坐標;Y坐標;最後更新時間,每日,政府資料開放授權條款-第1版,,2018/11/26 00:00,2018/11/27 01:38,無
95391,107年度宜蘭縣老人餐飲服務提供單位,宜蘭縣政府,公共資訊,107年度宜蘭縣社福相關資料,性質;主管機關;辦理單位;成立日期;立案文號;負責人;連絡電話;傳真;電子郵件;地址;相關網站;X坐標;Y坐標;最後更新時間,每日,政府資料開放授權條款-第1版,,2018/11/26 00:00,2018/11/27 01:38,無
95392,107年度宜蘭縣身心障礙餐飲服務提供單位,宜蘭縣政府,公共資訊,107年度宜蘭縣社福相關資料,性質;主管機關;辦理單位;成立日期;立案文號;負責人;連絡電話;傳真;電子郵件;地址;相關網站;X坐標;Y坐標;最後更新時間,每日,政府資料開放授權條款-第1版,,2018/11/26 00:00,2018/11/27 01:38,無
95393,107年度宜蘭縣交通接送服務,宜蘭縣政府,公共資訊,107年度宜蘭縣社福相關資料,性質;主管機關;辦理單位;成立日期;立案文號;負責人;連絡電話;傳真;電子郵件;地址;相關網站;X坐標;Y坐標;最後更新時間,每日,政府資料開放授權條款-第1版,,2018/11/26 00:00,2018/11/27 01:39,無
95394,107年度宜蘭縣身心障礙托育養護服務提供單位,宜蘭縣政府,公共資訊,107年度宜蘭縣社福相關資料,性質;主管機關;辦理單位;成立日期;立案文號;負責人;連絡電話;傳真;電子郵件;地址;相關網站;X坐標;Y坐標;最後更新時間,每日,政府資料開放授權條款-第1版,,2018/11/26 00:00,2018/11/27 01:39,無
95395,107年度宜蘭縣急難救助提供單位,宜蘭縣政府,公共資訊,107年度宜蘭縣社福相關資料,性質;主管機關;辦理單位;成立日期;立案文號;負責人;連絡電話;傳真;電子郵件;地址;相關網站;X坐標;Y坐標;最後更新時間,每日,政府資料開放授權條款-第1版,,2018/11/26 00:00,2018/11/27 20:41,無
95396,107年度宜蘭縣單親家庭服務提供單位,宜蘭縣政府,公共資訊,107年度宜蘭縣社福相關資料,性質;主管機關;辦理單位;成立日期;立案文號;負責人;連絡電話;傳真;電子郵件;地址;相關網站;X坐標;Y坐標;最後更新時間,每日,政府資料開放授權條款-第1版,,2018/11/26 00:00,2018/11/27 20:42,無
95397,107年度宜蘭縣喘息服務提供單位,宜蘭縣政府,公共資訊,107年度宜蘭縣社福相關資料,性質;主管機關;辦理單位;成立日期;立案文號;負責人;連絡電話;傳真;電子郵件;地址;相關網站;X坐標;Y坐標;最後更新時間,每日,政府資料開放授權條款-第1版,,2018/11/26 00:00,2018/11/27 20:42,無
95398,107年度宜蘭縣友善餐廳,宜蘭縣政府,公共資訊,107年度宜蘭縣社福相關資料,性質;主管機關;辦理單位;成立日期;立案文號;負責人;連絡電話;傳真;電子郵件;地址;相關網站;X坐標;Y坐標;最後更新時間,每日,政府資料開放授權條款-第1版,,2018/11/26 00:00,2018/11/27 20:43,無
95399,107年度宜蘭縣特殊教育學校,宜蘭縣政府,公共資訊,107年度宜蘭縣社福相關資料,性質;主管機關;辦理單位;成立日期;立案文號;負責人;連絡電話;傳真;電子郵件;地址;相關網站;X坐標;Y坐標;最後更新時間,每日,政府資料開放授權條款-第1版,,2018/11/26 00:00,2018/11/27 20:44,無
95400,107年度宜蘭縣無障礙廁所,宜蘭縣政府,公共資訊,107年度宜蘭縣社福相關資料,性質;主管機關;辦理單位;成立日期;立案文號;負責人;連絡電話;傳真;電子郵件;地址;相關網站;X坐標;Y坐標;最後更新時間,每日,政府資料開放授權條款-第1版,,2018/11/26 00:00,2018/11/27 20:45,無
95401,107年度宜蘭縣身心障礙鑑定醫院,宜蘭縣政府,公共資訊,107年度宜蘭縣社福相關資料,性質;主管機關;辦理單位;成立日期;立案文號;負責人;連絡電話;傳真;電子郵件;地址;相關網站;X坐標;Y坐標;最後更新時間,每日,政府資料開放授權條款-第1版,,2018/11/26 00:00,2018/11/27 20:45,無
95402,107年度宜蘭縣居家復健提供單位,宜蘭縣政府,公共資訊,107年度宜蘭縣社福相關資料,性質;主管機關;辦理單位;成立日期;立案文號;負責人;連絡電話;傳真;電子郵件;地址;相關網站;X坐標;Y坐標;最後更新時間,每日,政府資料開放授權條款-第1版,,2018/11/26 00:00,2018/11/27 20:46,無
95404,107年度宜蘭縣居家護理機構,宜蘭縣政府,公共資訊,107年度宜蘭縣社福相關資料,性質;主管機關;辦理單位;成立日期;立案文號;負責人;連絡電話;傳真;電子郵件;地址;相關網站;X坐標;Y坐標;最後更新時間,每日,政府資料開放授權條款-第1版,,2018/11/26 00:00,2018/11/27 20:47,無
95405,107年度宜蘭縣就業服務據點,宜蘭縣政府,公共資訊,107年度宜蘭縣社福相關資料,性質;主管機關;辦理單位;成立日期;立案文號;負責人;連絡電話;傳真;電子郵件;地址;相關網站;X坐標;Y坐標;最後更新時間,每日,政府資料開放授權條款-第1版,,2018/11/26 00:00,2018/11/27 23:55,無
95407,107年度宜蘭縣失智症服務及資源提供單位,宜蘭縣政府,公共資訊,107年度宜蘭縣社福相關資料,性質;主管機關;辦理單位;成立日期;立案文號;負責人;連絡電話;傳真;電子郵件;地址;相關網站;X坐標;Y坐標;最後更新時間,每日,政府資料開放授權條款-第1版,,2018/11/26 00:00,2018/11/27 23:55,無
95408,107年度宜蘭縣二手輔具資源整合交換中心,宜蘭縣政府,公共資訊,107年度宜蘭縣社福相關資料,性質;主管機關;辦理單位;成立日期;立案文號;負責人;連絡電話;傳真;電子郵件;地址;相關網站;X坐標;Y坐標;最後更新時間,每日,政府資料開放授權條款-第1版,,2018/11/26 00:00,2018/11/27 20:49,無
95410,107年度宜蘭縣社會福利志願服務團隊,宜蘭縣政府,公共資訊,107年度宜蘭縣社福相關資料,性質;主管機關;辦理單位;成立日期;立案文號;負責人;連絡電話;傳真;電子郵件;地址;相關網站;X坐標;Y坐標;最後更新時間,每日,政府資料開放授權條款-第1版,,2018/11/26 00:00,2018/11/27 03:09,無
95411,107年度宜蘭縣執業社工師分布,宜蘭縣政府,公共資訊,107年度宜蘭縣社福相關資料,性質;主管機關;辦理單位;成立日期;立案文號;負責人;連絡電話;傳真;電子郵件;地址;相關網站;X坐標;Y坐標;最後更新時間,每日,政府資料開放授權條款-第1版,,2018/11/26 00:00,2018/11/27 20:51,無
95413,107年度宜蘭縣村里辦公室,宜蘭縣政府,公共資訊,107年度宜蘭縣社福相關資料,性質;主管機關;辦理單位;成立日期;立案文號;負責人;連絡電話;傳真;電子郵件;地址;相關網站;X坐標;Y坐標;最後更新時間,每日,政府資料開放授權條款-第1版,,2018/11/26 00:00,2018/11/27 23:57,無
95414,107年度宜蘭縣公益團體,宜蘭縣政府,公共資訊,107年度宜蘭縣社福相關資料,性質;主管機關;辦理單位;成立日期;立案文號;負責人;連絡電話;傳真;電子郵件;地址;相關網站;X坐標;Y坐標;最後更新時間,每日,政府資料開放授權條款-第1版,,2018/11/26 00:00,2018/11/27 01:48,無
95416,107年度宜蘭縣衛生所列表,宜蘭縣政府,公共資訊,107年度宜蘭縣社福相關資料,性質;主管機關;辦理單位;成立日期;立案文號;負責人;連絡電話;傳真;電子郵件;地址;相關網站;X坐標;Y坐標;最後更新時間,每日,政府資料開放授權條款-第1版,,2018/11/26 00:00,2018/11/27 20:52,無
95417,107年度宜蘭縣社區家庭守護據點,宜蘭縣政府,公共資訊,107年度宜蘭縣社福相關資料,性質;主管機關;辦理單位;成立日期;立案文號;負責人;連絡電話;傳真;電子郵件;地址;相關網站;X坐標;Y坐標;最後更新時間,每日,政府資料開放授權條款-第1版,,2018/11/26 00:00,2018/11/27 20:52,無
95418,宜蘭縣地政士名冊,宜蘭縣政府,購屋及遷徙,宜蘭縣地政士名冊,"事務所名稱,姓名,電話,傳真,共同執業人,事務所地址",每日,政府資料開放授權條款-第1版,,2018/11/26 00:00,2018/11/27 20:53,無
95419,107年度宜蘭縣政府地方稅務局歲出預算,宜蘭縣政府,公共資訊,107年度宜蘭縣政府地方稅務局歲出預算,名稱 本年度預算數 上年度預算數 前年度決算數 本年度與上年度比較,每日,政府資料開放授權條款-第1版,,2018/11/26 00:00,2018/11/27 21:12,無
95421,105年度宜蘭縣政府地方稅務局歲入決算表,宜蘭縣政府,公共資訊,105年度宜蘭縣政府地方稅務局歲入決算,"名稱,本年度預算數,預算增減數,預算數合計,實現數,應收數,決算數",每日,政府資料開放授權條款-第1版,,2018/11/26 00:00,2018/11/27 03:37,無
95422,105年度宜蘭縣政府地方稅務局歲出機關別決算表,宜蘭縣政府,公共資訊,提供105年度宜蘭縣政府地方稅務局歲出機關別決算表,名稱 本年度預算數 本年度支付實現數 決算時權責發生數 決算審定數 合計 本年度餘絀數,每日,政府資料開放授權條款-第1版,,2018/11/26 00:00,2018/11/27 02:14,無
95423,宜蘭縣最近5年土地增值稅稅源統計表(102-106年),宜蘭縣政府,公共資訊,提供宜蘭縣最近5年土地增值稅稅源統計表(102-106年),"年度別,稅種,筆數,面積,移轉現值總額,按物價指數調整後原地價總額,改良土地費用,土地漲價總數額,查定稅額,抵繳增繳地價稅,重劃減徵,徵收減徵,其他減徵,長期持有減徵,應納稅額",每日,政府資料開放授權條款-第1版,,2018/11/26 00:00,2018/11/27 21:15,無
95424,宜蘭縣107年-108年地價稅累進起點地價及課稅級距表,宜蘭縣政府,公共資訊,宜蘭縣107年-108年地價稅累進起點地價及課稅級距表,種類 級距 基準地價; 累進差額; 稅率,每日,政府資料開放授權條款-第1版,,2018/11/26 00:00,2018/11/27 02:16,無
95425,宜蘭縣最近5年地價稅稅源統計表(102-106年),宜蘭縣政府,公共資訊,宜蘭縣最近5年地價稅稅源統計表(102-106年),,每日,政府資料開放授權條款-第1版,,2018/11/26 00:00,2018/11/27 02:16,無
95426,宜蘭縣最近5年房屋稅綜合統計表(102-106年),宜蘭縣政府,公共資訊,1.資料來源：本表係根據徵收檔資料編製。2.所屬期間：前一年7月1日至當年6月30日。3.單位：戶、平方公尺；新臺幣元。,年度;戶數;面積;房屋稅現值;稅額,每日,政府資料開放授權條款-第1版,,2018/11/26 00:00,2018/11/27 21:19,無
95427,宜蘭縣最近5年房屋稅綜合統計表(103-107年),宜蘭縣政府,公共資訊,1.資料來源：本表係根據徵收檔資料編製。2.所屬期間：前一年7月1日至當年6月30日。3.單位：戶、平方公尺；新臺幣元。,年度;戶數;面積;房屋稅現值;稅額,每日,政府資料開放授權條款-第1版,,2018/11/26 00:00,2018/11/27 21:19,無
95428,房屋構造別代號暨折舊率對照表(107年7月1日起新建、增建、改建完成房屋適用),宜蘭縣政府,公共資訊,資料來源：本表係依據宜蘭縣政府107年4月13日府稅財字第1070111643號公告編製，自107年7月1日起施行。,構造別;代號;折舊率;耐用年數;殘值率,每日,政府資料開放授權條款-第1版,,2018/11/26 00:00,2018/11/27 03:44,無
95429,宜蘭縣最近5年契稅綜合統計表(102-106年),宜蘭縣政府,公共資訊,1.資料來源：本表係根據徵銷檔資料編製。2.單位：件；新臺幣元。3.所屬期間：每年1月1日至12月31日。,年度;戶數;面積;房屋稅現值;稅額,每日,政府資料開放授權條款-第1版,,2018/11/26 00:00,2018/11/27 21:20,無
95431,106年度宜蘭縣娛樂稅稅源,宜蘭縣政府,公共資訊,提供106年度宜蘭縣娛樂稅稅源,項目 家;數 營業總額 查定稅額 實徵稅額,每日,政府資料開放授權條款-第1版,,2018/11/26 00:00,2018/11/27 02:38,無
95432,106年宜蘭縣政府地方稅務局受理各稅目行政救濟案件統計表,宜蘭縣政府,公共資訊,提供106年宜蘭縣政府地方稅務局受理各稅目行政救濟案件統計表,項目 復查件數 訴願件數 行政訴訟件數,每日,政府資料開放授權條款-第1版,,2018/11/26 00:00,2018/11/27 21:23,無
95433,宜蘭縣政府財政稅務局106多元繳稅管道件數統計表,宜蘭縣政府,公共資訊,提供宜蘭縣政府財政稅務局106多元繳稅管道件數統計表,金融機構臨櫃繳稅 長期約定轉帳納稅 便利商店繳稅 信用卡繳稅 自動櫃員機轉帳納稅 晶片金融卡網際網轉帳納稅 電話語音繳稅 活期;存款轉帳納稅,每日,政府資料開放授權條款-第1版,,2018/11/26 00:00,2018/11/27 21:29,無
95443,107年度宜蘭縣物資銀行,宜蘭縣政府,公共資訊,107年度宜蘭縣社福相關資料,性質;主管機關;辦理單位;成立日期;立案文號;負責人;連絡電話;傳真;電子郵件;地址;相關網站;X坐標;Y坐標;最後更新時間,每日,政府資料開放授權條款-第1版,,2018/11/27 00:00,2018/11/27 01:02,無
95444,107年度宜蘭縣物資銀行,宜蘭縣政府,公共資訊,107年度宜蘭縣社福相關資料,性質;主管機關;辦理單位;成立日期;立案文號;負責人;連絡電話;傳真;電子郵件;地址;相關網站;X坐標;Y坐標;最後更新時間,每日,政府資料開放授權條款-第1版,,2018/11/27 00:00,2018/11/27 01:03,無
95446,107年度宜蘭縣愛心待用店,宜蘭縣政府,公共資訊,107年度宜蘭縣社福相關資料,性質;主管機關;辦理單位;成立日期;立案文號;負責人;連絡電話;傳真;電子郵件;地址;相關網站;X坐標;Y坐標;最後更新時間,每日,政府資料開放授權條款-第1版,,2018/11/27 00:00,2018/11/27 20:46,無
95447,107年度宜蘭縣長期照顧中心,宜蘭縣政府,公共資訊,107年度宜蘭縣社福相關資料,性質;主管機關;辦理單位;成立日期;立案文號;負責人;連絡電話;傳真;電子郵件;地址;相關網站;X坐標;Y坐標;最後更新時間,每日,政府資料開放授權條款-第1版,,2018/11/27 00:00,2018/11/27 20:48,無
95448,107年度宜蘭縣保母系統分布,宜蘭縣政府,公共資訊,107年度宜蘭縣社福相關資料,性質;主管機關;辦理單位;成立日期;立案文號;負責人;連絡電話;傳真;電子郵件;地址;相關網站;X坐標;Y坐標;最後更新時間,每日,政府資料開放授權條款-第1版,,2018/11/27 00:00,2018/11/27 20:50,無
95449,107年度宜蘭縣AED設置場所,宜蘭縣政府,公共資訊,107年度宜蘭縣社福相關資料,性質;主管機關;辦理單位;成立日期;立案文號;負責人;連絡電話;傳真;電子郵件;地址;相關網站;X坐標;Y坐標;最後更新時間,每日,政府資料開放授權條款-第1版,,2018/11/27 00:00,2018/11/27 20:51,無
95450,107年度宜蘭縣身心障礙牙醫醫療院所,宜蘭縣政府,公共資訊,107年度宜蘭縣社福相關資料,性質;主管機關;辦理單位;成立日期;立案文號;負責人;連絡電話;傳真;電子郵件;地址;相關網站;X坐標;Y坐標;最後更新時間,每日,政府資料開放授權條款-第1版,,2018/11/27 00:00,2018/11/27 01:48,無
95451,106年度宜蘭縣政府地方稅務局各項稅捐實徵淨額,宜蘭縣政府,公共資訊,106年度宜蘭縣政府地方稅務局各項稅捐實徵淨額,"稅目別,本年度實徵數,以前年度實徵數,退還以前年度歲入款,實徵淨額",每日,政府資料開放授權條款-第1版,,2018/11/27 00:00,2018/11/27 21:13,無
95452,106年宜蘭縣使用牌照稅稅源表,宜蘭縣政府,公共資訊,提供106年宜蘭縣使用牌照稅稅源表,汽缸總排氣量 自用小客車免稅輛數 自用小客車應稅輛數 自用小客車稅額 營業用小客車免稅輛數 營業用小客車應稅輛數  營業用小客車稅額 大客車免稅輛數 大客車應稅輛數 大客車稅額 貨車免稅輛數 貨車應稅輛數 貨車稅額  機器腳踏車免稅輛數 機器腳踏車應稅輛數 機器腳踏車稅額,每日,政府資料開放授權條款-第1版,,2018/11/27 00:00,2018/11/27 21:21,無
95505,宜蘭縣政府財政稅務局106年底員工人數,宜蘭縣政府,公共資訊,提供宜蘭縣政府財政稅務局106年底員工人數、年齡、學歷、職等、年資等資訊,項目（依年齡;學歷;職等;年資）;總計106年底;男106年底;女106年底,每日,政府資料開放授權條款-第1版,,2018/11/27 00:00,2018/11/27 21:05,無
95261,未辦繼承登記土地建物列冊管理,彰化縣田中地政事務所,公共資訊,依據土地法第七十三條之一規定所執行之列冊管理案件均為統計對象。,年度;列冊管理土地筆數;列冊管理土地持分面積;列冊管理建物棟數;列冊管理建物持分面積;停止列管土地筆數;停止列冊管理土地持分面積;停止列冊管理建物棟數;停止列冊管理建物持分面積;列冊管理期滿移請國有財產署標售土地筆數;列冊管理期滿移請國有財產署標售土地持分面積;列冊管理期滿移請國有財產署標售建物棟數;列冊管理期滿移請國有財產署標售建物持分面積;截至本年底列冊管理土地筆數;截至本年底列冊管理土地持分面積;截至本年底列冊管理建物棟數;截至本年底列冊管理建物持分面積,每年,政府資料開放授權條款-第1版,https://www.tj-land.gov.tw/,2018/11/24 00:00,2018/11/24 13:54,
95262,各類人員申辦案件統計表,彰化縣田中地政事務所,公共資訊,凡在本所轄區內經地政機關受理之所有土地建物登記案件，其申請人員均為統計對象。,本月登記案件申請總件數;地政士申請件數;民眾申請件數;政府機關及法院申請件數,每月,政府資料開放授權條款-第1版,https://www.tj-land.gov.tw/,2018/11/24 00:00,2018/11/24 13:54,
95263,地籍清理成果表,彰化縣田中地政事務所,公共資訊,凡於本所轄區內，經地政機關核准依地籍清理條例辦理之登記均為統計對象。,清理類型;已公告;受理(中)   申報數;完成申報數;受理(中)申請登記;完成登記;辦理標售;已標(讓)售;暫緩標售;停止標售;經二次標售未能標售;囑託國有登記;申領價金;異議中(含訴願);公共設施用地,每月,政府資料開放授權條款-第1版,https://www.tj-land.gov.tw/,2018/11/24 00:00,2018/11/24 13:54,
95264,政府因應印鑑證明停發_民眾申辦土地登記案件各項替代措施統計表,彰化縣田中地政事務所,公共資訊,為因應印鑑證明停發，本所受理彙整民眾申辦土地登記案件各項替代措施為統計對象。,本月設置件數;累計申請設置印鑑卡總數;本月申辦登記總件數;本月以印鑑證明申請登記總件數;地政士簽證;當事人親自申辦;法院或民間公證人公證或認證後委託 他人代辦;使用土地登記印鑑卡,每月,政府資料開放授權條款-第1版,https://www.tj-land.gov.tw/,2018/11/24 00:00,2018/11/24 13:53,
95265,清理流水編之登記名義人成果統計表,彰化縣田中地政事務所,公共資訊,凡於本所轄區內，經地政機關清理流水編之登記名義人成果均為統計對象。,項目;收件;已通知權利人辦理統一編號更正;依土地法第73條之1規定列冊管理者;完成統一編號更正或繼承登記,每月,政府資料開放授權條款-第1版,https://www.tj-land.gov.tw/,2018/11/24 00:00,2018/11/24 13:53,
95469,新北市婦幼停車位_107.11.27,新北市政府交通局,交通及通訊,孕婦及育有六歲以下兒童者之停車位,No;District;Name;Address;Quantity,每季,政府資料開放授權條款-第1版,,2018/11/27 17:12,2018/11/27 17:13,
95440,新竹市都市計畫土地使用分區證明書申請方式統計,新竹市政府,公共資訊,新竹市都市計畫土地使用分區證明書申請方式統計,臨櫃申請臨櫃索取數;臨櫃申請線上領取數;線上申請臨櫃領取數;線上申請線上領取數,每日,政府資料開放授權條款-第1版,,2018/11/26 00:00,2018/11/28 00:11,新竹市都市計畫土地使用分區證明書申請方式統計
95441,新竹市都市計畫-公共設施開闢水準與保留地分析,新竹市政府,公共資訊,新竹市都市計畫-公共設施開闢水準與保留地分析,都市計畫名稱;計畫人口;公設已開闢面積;公設已取得面積,每日,政府資料開放授權條款-第1版,,2018/11/26 00:00,2018/11/28 00:12,新竹市都市計畫-公共設施開闢水準與保留地分析
95475,澎湖馬公觀光商圈繁榮促進會會員名冊（第九屆）中文,澎湖縣政府,休閒旅遊,其資料包含編號、職稱、姓名、公司行號、住址、手機、電話,編號;職稱;姓名;公司行號;住址;手機;電話,每日,政府資料開放授權條款-第1版,,2018/11/27 00:00,2018/11/27 20:07,無
95476,澎湖馬公觀光商圈繁榮促進會會員名冊（第九屆）法文,澎湖縣政府,休閒旅遊,其資料包含編號、職稱、姓名、公司行號、住址、手機、電話,編號;職稱;姓名;公司行號;住址;手機;電話,每日,政府資料開放授權條款-第1版,,2018/11/27 00:00,2018/11/27 20:08,無
95477,澎湖馬公觀光商圈繁榮促進會會員名冊（第九屆）英文,澎湖縣政府,休閒旅遊,其資料包含編號、職稱、姓名、公司行號、住址、手機、電話,編號;職稱;姓名;公司行號;住址;手機;電話,每日,政府資料開放授權條款-第1版,,2018/11/27 00:00,2018/11/27 20:08,無
95478,澎湖馬公觀光商圈繁榮促進會會員名冊（第九屆)韓文,澎湖縣政府,休閒旅遊,其資料包含編號、職稱、姓名、公司行號、住址、手機、電話,編號;職稱;姓名;公司行號;住址;手機;電話,每日,政府資料開放授權條款-第1版,,2018/11/27 00:00,2018/11/27 20:09,無
95479,澎湖縣電動機車充電處英文版,澎湖縣政府,休閒旅遊,提供環保交通工具電動機車的充電站地點位置,地址;數量,每日,政府資料開放授權條款-第1版,,2018/11/27 00:00,2018/11/27 20:09,無
95480,澎湖縣觀光工廠,澎湖縣政府,休閒旅遊,其資料包含名稱、地址、電話、官網,名稱;地址;電話;官網,每日,政府資料開放授權條款-第1版,,2018/11/27 00:00,2018/11/27 20:10,無
95481,澎湖縣旅遊服務中心資訊-英文版,澎湖縣政府,休閒旅遊,資料包含名稱、電話、(郵遞區號)地址及營運時間,名稱;電話;地址;營運時間,每日,政府資料開放授權條款-第1版,,2018/11/27 00:00,2018/11/27 20:11,無
95483,澎湖縣旅遊服務中心旅客諮詢人次及臨櫃人次,澎湖縣政府,休閒旅遊,其資料包含旅客中心、服務電話、地址、旅客諮詢人次(日平均)、旅客諮詢人次(月平均)、旺季平均人次(5~9月)、淡季平均人次(10~4月)、電話(年平均),旅客中心;服務電話;地址;旅客諮詢人次;旺季平均人次;淡季平均人次;電話,每日,政府資料開放授權條款-第1版,,2018/11/27 00:00,2018/11/27 20:12,無
95484,澎湖縣婚紗攝影景點,澎湖縣政府,休閒旅遊,其資料包含景點名稱、地址、景點圖片、經度、緯度,景點名稱;地址;景點圖片;經度;緯度,每日,政府資料開放授權條款-第1版,,2018/11/27 00:00,2018/11/27 20:12,無
95486,澎湖縣合法一般旅館、飯店名冊(統計至107年7月31日)-英文版,澎湖縣政府,休閒旅遊,資料包含旅遊名稱、電話、地址、座標、房間數及價格等資訊,專用標示編號;星級;旅館名稱;營業地址;電話;傳真;房間總數;總容納人數;核准登記日期,每日,政府資料開放授權條款-第1版,,2018/11/27 00:00,2018/11/27 20:13,無
95487,澎湖縣十大伴手禮-英文版,澎湖縣政府,休閒旅遊,提供澎湖縣包含年度(產品名十大伴手禮),產品名,每日,政府資料開放授權條款-第1版,,2018/11/27 00:00,2018/11/27 20:14,無
95488,澎湖縣十大伴手禮-法文版,澎湖縣政府,休閒旅遊,提供澎湖縣包含年度,產品名,每日,政府資料開放授權條款-第1版,,2018/11/27 00:00,2018/11/27 20:14,無
95489,澎湖馬公觀光商圈繁榮促進會會員名冊（第九屆）日文,澎湖縣政府,休閒旅遊,其資料包含編號、職稱、姓名、公司行號、住址、手機、電話,編號;職稱;姓名;公司行號;住址;手機;電話,每日,政府資料開放授權條款-第1版,,2018/11/27 00:00,2018/11/27 20:16,無
95370,臺中市政府警察局107年8月份交通事故資料,臺中市政府警察局交通警察大隊,交通及通訊,本局107年8月份交通事故逐案細部資料,年;月;日;時;分;縣市;區;死;受傷;2-30;天候;光線;道路類別;速限;道路型態;事故位置;路面鋪裝;路面狀態;路面缺陷;障礙物;視距;號誌種類;號誌動作;分向設施;快車道或一般車道間;快慢車道間;路面邊線;事故類型及型態;主要肇因;受傷程度;主要傷處;保護裝備;行動電話;當事者區分_類別;車輛用途;當事者行動狀態;駕駛資格情形;駕駛執照種類;飲酒情形;車輛撞擊部位最初;車輛撞擊部位其他;肇事因素個別;肇事因素主要;肇事逃逸;職業;旅次目的;車種;GPS座標_緯度;GPS座標_經度;事故類別,即時,政府資料開放授權條款-第1版,,2018/11/26 17:02,2018/11/26 17:02,
95462,臺中市各行政區歷年娛樂稅欠稅數情形趨勢表,臺中市政府地方稅務局‧企劃服務科規劃設計股,公共資訊,臺中市各行政區歷年娛樂稅欠稅數情形趨勢表,年度;中區;東區;西區;南區;北區;西屯區;南屯區;北屯區;豐原區;東勢區;大甲區;清水區;沙鹿區;梧棲區;神岡區;后里區;大雅區;潭子區;新社區;石岡區;外埔區;大安區;烏日區;大肚區;龍井區;霧峰區;太平區;大里區;和平區,每年,政府資料開放授權條款-第1版,,2018/11/27 15:13,2018/11/27 15:13,資料來源係依據表報代號wxx502p編製、單位為新臺幣元
95463,臺中市歷年禁止財產處分徵起數統計表,臺中市政府地方稅務局‧企劃服務科規劃設計股,公共資訊,臺中市歷年禁止財產處分徵起數統計表,年度;營利事業欠稅數_件數;營利事業欠稅數_金額;營利事業徵起數_件數;營利事業徵起數_金額;個人欠稅數_件數;個人欠稅數_金額;個人徵起數_件數;個人徵起數_金額;合計欠稅數_件數;合計欠稅數_金額;合計徵起數_件數;合計徵起數_金額,每年,政府資料開放授權條款-第1版,,2018/11/27 15:15,2018/11/27 15:15,資料來源係依據表報代號WXR264P編製、單位為新臺幣元
95464,臺中市各行政區歷年印花稅欠稅數情形趨勢表,臺中市政府地方稅務局‧企劃服務科規劃設計股,公共資訊,臺中市各行政區歷年印花稅欠稅數情形趨勢表,年度;中區;東區;西區;南區;北區;西屯區;南屯區;北屯區;豐原區;東勢區;大甲區;清水區;沙鹿區;梧棲區;神岡區;后里區;大雅區;潭子區;新社區;石岡區;外埔區;大安區;烏日區;大肚區;龍井區;霧峰區;太平區;大里區;和平區,每年,政府資料開放授權條款-第1版,,2018/11/27 15:41,2018/11/27 15:41,資料來源係依據表報代號wxx502p編製、單位為新臺幣元
95502,108年度臺北市總預算附屬單位預算,臺北市政府主計處,公共資訊,108年度臺北市總預算附屬單位預算,108年度臺北市總預算附屬單位預算,不更新,政府資料開放授權條款-第1版,,2018/11/27 20:50,2018/11/27 20:50,
95293,107年流感疫苗接種合約醫療院所,苗栗縣政府衛生局,就醫,107年流感疫苗接種合約醫療院所(107.11.23公告版),十碼章;醫院名稱;縣市別;行政區;郵遞區號;地址（里鄰）;地址;聯絡電話;座標緯度;座標經度;備註,每年,政府資料開放授權條款-第1版,,2018/11/26 00:00,2018/11/27 08:42,
